915
1147
3549
3918
3205
2984
3129
3033
2341
1657
3996
2415
3711
3477
1637
980
2188
677
3201
1994
3955
469
271
2623
3730
2320
4094
200
3489
3083
1204
2098
1340
462
1732
4068
2698
1602
314
2554
3586
427
3312
1001
3862
1608
574
980
137
527
3853
3480
1119
2384
1561
2781
2602
1192
3625
621
1831
494
3821
1254
191
2585
3310
2529
3005
1828
414
4046
2415
3327
1623
815
3395
387
2417
202
2660
1916
2030
3189
2183
2623
3364
1089
4082
3207
1072
763
2608
549
2179
2215
115
866
4068
1300
2313
2513
4000
73
2812
2054
2535
3134
482
402
287
980
275
2110
2156
2439
3069
1032
3301
3504
1197
325
3370
3860
621
3663
1980
1876
3767
1524
801
2984
229
3479
2395
2404
103
4071
2415
2559
2391
2397
1049
61
1571
677
517
3243
3319
1405
3869
3139
2623
2634
259
4009
2111
1292
3944
3083
720
809
3848
3732
28
433
4068
2602
1066
3750
2692
2719
3968
427
960
3735
1443
2108
2660
143
980
549
252
850
2108
4057
279
2384
2149
3541
2730
2088
1354
1930
621
3227
3801
2897
3515
3918
1069
2566
622
903
3033
2349
3660
2329
4083
2415
1023
1391
2934
2252
980
1124
2412
586
1424
1994
2971
1391
4039
3617
2623
1170
1031
3492
511
200
3337
734
2352
1174
2098
2532
946
2311
2264
4068
1106
149
1177
1063
2554
18
2783
6
926
1001
2230
519
3481
2119
980
1097
1016
2888
481
3480
767
1026
613
2755
2781
338
2565
594
3013
621
2355
2995
3399
3549
1262
1375
2248
2984
921
2460
1469
2341
1945
3270
4089
2415
2047
1374
1497
1637
3396
3267
1416
677
2065
2732
892
3955
3413
4081
3856
2623
2338
14
3729
4094
3208
272
3034
3083
2884
548
3203
1340
3310
1089
1132
4068
2218
554
2660
314
4010
553
3040
427
3840
2460
1598
3862
1160
3814
1059
980
2201
4080
3360
3853
2440
4093
69
2384
409
3542
2733
2602
2696
2452
3554
621
627
3943
1310
3823
3702
1524
2314
2577
3694
3612
3484
2651
804
2535
3697
2044
2415
4095
1724
1893
809
1187
3133
280
2379
2122
1600
3237
1847
3054
1878
1980
3976
2623
594
541
2628
4087
2119
268
2882
727
1328
602
809
2504
3239
1849
528
566
4068
330
2133
2448
2518
2768
671
3076
2775
1030
3704
3732
3427
482
2337
3961
2577
980
297
3553
1155
2155
2247
4057
2239
1056
3685
2828
3550
1194
325
673
1189
1777
621
1235
3790
1147
1885
951
3918
325
2610
2984
3705
1648
3033
2405
3684
1657
1820
3070
2415
4095
1401
3477
2405
1305
980
780
2402
677
65
690
1994
3315
1405
469
975
4036
2623
1170
1082
2320
4030
575
200
2145
758
3083
3380
3218
2098
3900
916
462
260
2331
4068
650
170
1602
3770
3716
2554
130
2808
427
3120
2675
1001
1430
572
1608
4030
1288
980
585
962
527
845
1596
3480
2015
1041
2384
1625
1880
2781
2730
2600
1192
2665
2936
621
2451
3484
495
2933
3515
1257
2143
1602
2580
3694
2162
2483
1469
2346
1996
414
903
3583
2415
4095
2803
1620
2967
2252
3402
195
3142
2386
74
2306
2709
892
2975
1711
3189
483
2018
2623
2322
2164
1088
3578
511
3209
2576
3792
709
3376
2408
612
3203
2531
2674
115
2193
3213
4068
1290
340
2314
1257
1063
4015
41
3841
2773
3078
2529
2515
1598
2225
583
2450
1999
2692
980
1161
1924
2108
2612
481
2435
3581
559
1064
1637
3122
3514
2733
338
325
1322
1322
3516
621
915
2873
1975
3540
3549
3662
1524
2136
2700
2984
2361
2499
3485
603
2341
2425
3175
2505
1791
2415
3967
1511
2393
1629
1637
1236
3133
2248
2648
677
385
2760
3244
1847
3955
1493
3869
240
1009
2623
658
233
257
4073
4094
2248
268
2586
189
3083
1204
587
803
968
1340
3790
1052
3148
3654
4068
2698
680
1060
934
314
2810
671
32
2750
427
240
2511
3742
355
3862
2120
3684
995
3394
980
2441
3848
240
210
3853
2200
4057
1525
1284
2384
2329
3425
3549
682
2602
2216
2378
658
1758
621
1939
1650
3791
1873
3823
2678
3918
2693
400
2613
3694
456
3790
3033
2853
804
3663
1817
3302
2943
2415
3711
3023
1394
2422
809
3747
980
2188
2833
2388
74
1034
3670
1994
1907
3054
1402
967
2172
504
2623
1170
466
1058
4004
4087
1607
200
929
1972
705
3376
1442
402
2098
2364
3239
953
263
1571
3875
4068
1162
1361
136
3737
2516
4048
2554
1026
1984
2805
3078
1923
3918
1001
3350
482
521
3993
496
3745
980
649
3601
961
840
2156
3271
3480
3679
139
1066
1637
200
1771
2781
1066
325
2581
2642
328
879
621
3987
3300
2846
3399
1885
951
1261
2143
532
3747
2984
1081
1806
2550
1469
2386
3684
1945
2502
3699
1471
2415
3711
1951
1381
1497
2406
1305
3407
2243
560
2710
677
1153
2848
2802
892
3319
1405
3415
241
1085
2300
2623
2706
932
68
3729
4031
575
3203
2576
1669
47
3083
180
2349
524
3203
3859
916
3303
3137
2834
3985
4068
2698
2722
656
2660
3731
3716
4007
41
2058
1711
427
240
1852
2554
1598
1457
572
1161
998
2298
3920
980
1161
3106
3971
3360
880
1596
2438
1533
380
1345
2384
1561
1414
3511
2733
2722
2600
2690
660
2214
2487
621
2963
2505
3645
1310
2935
3515
3817
1524
712
1124
2589
3694
1840
2872
3479
603
2345
972
2535
3697
3897
735
2415
3711
3903
1738
1893
2969
2252
1146
3133
1544
708
2389
74
50
2393
3247
1847
2975
3759
1876
1084
542
1150
2623
1682
1865
136
2628
3583
511
2073
268
218
1517
736
3376
1682
1609
800
968
2533
3698
1848
2832
3465
4040
4068
650
1349
2849
2448
1102
1063
2623
671
352
1520
2765
3078
3603
3385
3735
355
2231
583
2339
2297
1148
1960
980
2185
2116
3335
1155
3011
481
2227
4057
4037
2082
1034
1637
824
2988
3541
682
338
1349
674
2213
3155
1243
621
915
915
1147
1147
3549
3549
3918
3918
3205
3205
2984
2984
3129
3129
3033
3033
2341
2341
1657
1657
3996
3996
2415
2415
3711
3711
3477
3477
1637
1637
980
980
2188
2188
677
677
3201
3201
1994
1994
3955
3955
469
469
271
271
2623
2623
3730
3730
2320
2320
4094
4094
200
200
3489
3489
3083
3083
1204
1204
2098
2098
1340
1340
462
462
1732
1732
4068
4068
2698
2698
1602
1602
314
314
2554
2554
3586
3586
427
427
3312
3312
1001
1001
3862
3862
1608
1608
574
574
980
980
137
137
527
527
3853
3853
3480
3480
1119
1119
2384
2384
1561
1561
2781
2781
2602
2602
1192
1192
3625
3625
621
621
915
2294
1908
2679
2143
1308
3703
3312
1502
914
207
4071
3255
3711
2859
2455
3745
2241
1208
69
1394
830
3063
3130
2115
3359
3730
545
4091
1607
2576
381
3384
2322
3265
3155
57
433
4082
2698
3205
1256
4048
44
1406
3075
1267
1567
497
2249
143
490
137
1054
3124
3271
1534
2564
1650
3736
2774
418
1173
3978
310
915
492
3541
957
1533
968
2794
3129
3943
602
3689
3161
4089
2651
3711
1623
1631
1302
3087
1672
169
3201
3883
1845
1407
3847
3088
2703
3730
1091
4074
575
259
4058
3842
1204
201
970
917
1031
364
4089
2698
2314
933
3713
679
4064
106
3312
4007
352
575
3673
35
245
137
2108
208
1599
4086
325
2644
1561
2933
682
2602
2386
2018
155
915
985
1874
3511
4073
3205
3398
3693
944
2939
2341
972
1819
4094
2349
3711
3247
2422
2265
634
2188
1324
73
1458
1785
3955
3759
960
3588
2887
3730
2183
4004
511
25
3489
94
3382
1170
2310
1340
3698
256
2267
4092
2698
533
3739
1028
2367
3586
3423
3072
947
637
3862
583
3995
2120
634
137
120
841
508
3507
1119
2690
1636
2776
2907
2602
1349
2642
3064
589
915
1971
3396
3549
3918
2143
2252
3002
3129
3484
1467
2450
1657
2502
4095
2454
3711
2398
1501
1638
980
2243
1416
554
3201
3244
887
4087
469
241
3857
2723
3730
270
3737
4095
200
2576
3037
3264
1204
804
3208
1363
462
3137
1126
4094
2698
1066
2662
275
2554
41
3054
282
3312
3740
1587
4081
1608
998
1058
829
137
240
3362
4080
3480
1533
68
2453
1561
3542
2730
2722
1192
660
3566
550
915
3943
1288
3959
2678
1527
2504
1873
3695
3632
3564
603
809
2255
3697
2047
2379
3711
700
1915
409
3747
3129
392
1355
74
1650
3045
1847
3055
1594
1084
3976
2641
3730
541
2642
4095
1607
264
3034
2071
3377
594
1049
968
3237
1593
2832
565
4095
2698
2133
2444
2126
4048
668
3296
855
3078
3699
2548
355
495
2249
2297
2576
926
137
481
1156
3011
3271
4062
2117
672
1637
2840
3438
682
330
661
2213
1779
531
915
3790
1105
3549
951
3965
3205
2610
2990
3129
1648
3055
2341
3684
1625
3996
3070
2405
3711
1401
3510
1637
1305
975
2188
2402
650
3201
690
2015
3955
1405
455
271
4036
2600
3730
1082
2340
4094
575
195
3489
758
3120
1204
3218
2080
1340
916
455
1732
2331
4095
2698
170
1625
314
3716
2535
3586
2808
390
3312
2675
975
3862
572
1625
574
1288
975
137
962
520
3853
1596
3510
1119
1041
2405
1561
1880
2795
2602
2600
1170
3625
2936
585
915
3484
419
1909
3515
1513
2143
1612
3540
3694
2160
1971
1469
2450
972
411
999
3583
2418
3711
2803
1644
2455
2253
3194
2243
3144
2386
74
2354
3989
892
3063
3759
3184
67
2018
2612
3730
2164
1096
4090
511
3097
2576
3805
1541
3376
2386
100
3203
2387
3698
112
2481
3213
4095
2698
340
2354
1257
1060
3903
41
3854
2261
3078
2547
2003
1598
2289
583
2451
1167
2692
967
137
1924
2064
3124
483
2483
1533
548
1192
1637
3096
1466
2733
418
1349
1322
1930
3516
612
915
2873
1863
3540
3549
3918
1524
2248
2700
2987
3129
2499
3517
603
2345
1657
3175
2553
1791
2409
3711
1511
2521
1629
1638
980
3133
2184
2648
674
3201
2760
3196
1847
3967
469
3869
16
1009
2618
3730
233
401
4073
4095
200
268
2778
189
3084
1204
587
899
968
1333
462
1052
3180
3654
4079
2698
680
1124
934
305
2554
671
224
2750
417
3312
2511
3646
355
3871
1608
3684
803
3394
979
137
3848
32
210
3855
3480
4057
1349
1284
2393
1561
3425
3501
682
2602
1192
2378
738
1758
610
915
1650
3727
1873
3831
2678
3919
3205
400
2933
3694
496
3790
3037
2341
804
3791
1817
3326
2943
2412
3711
3023
1458
2422
793
3747
977
2188
2833
2132
74
1074
3670
1995
3955
3054
1082
967
2116
504
2621
3730
466
1314
4004
4095
1607
200
3489
1972
897
3376
1426
402
2100
1340
3239
569
263
1563
3875
4071
2698
1361
200
3737
2500
4048
2556
3586
1984
2613
3078
1971
3918
1001
3862
482
713
3993
456
3745
977
137
3601
577
840
2172
3271
3486
1119
139
1322
1637
216
1771
2781
2602
325
2709
2642
376
879
617
915
3300
2334
3399
2013
951
1277
2143
540
3747
2986
3129
1806
2806
1469
2450
3684
1945
2502
3711
1471
2414
3711
1951
1893
1497
2406
1305
3407
2243
568
2710
676
3201
2848
2546
892
3319
1405
3399
241
1073
2300
2622
3730
932
580
3729
4095
575
3203
2576
1677
47
3083
1204
2349
524
3203
3923
916
3271
3137
2838
3985
4071
2698
2722
400
2660
3603
3716
4007
41
2062
1711
424
3312
1852
2298
1598
1521
572
1177
998
2290
3920
980
137
3106
3203
3360
1008
1596
2486
1533
372
1345
2386
1561
1414
3767
2733
2722
2600
2706
660
2222
2487
620
915
2505
2621
1310
2935
3515
4073
1524
712
1124
2653
3694
1840
2872
3479
603
2345
972
2531
3697
3899
735
2415
3711
3903
1738
1893
2457
2252
1146
3133
1672
708
2325
74
50
2393
3247
1847
2975
3759
1872
1084
540
1150
2623
3730
1865
1160
2628
4095
511
2073
268
218
1517
736
3376
1682
1609
816
968
2533
3698
1848
2832
3465
4040
4069
2698
1349
2849
2448
1102
1063
2879
671
480
1520
2701
3078
3635
3385
3719
355
2239
583
2339
2297
1148
1960
980
137
2116
2311
1155
3011
481
2483
4057
3909
2082
1098
1637
792
2988
3541
682
346
1349
674
2213
3155
1243
620
915
915
1147
1147
3549
3549
3918
3918
3205
3205
2984
2984
3129
3129
3033
3033
2341
2341
1657
1657
3996
3996
2415
2415
3711
3711
3477
3477
1637
1637
980
980
2188
2188
677
677
3201
3201
1994
1994
3955
3955
469
469
271
271
2623
2623
3730
3730
2320
2320
4094
4094
200
200
3489
3489
3083
3083
1204
1204
2098
2098
1340
1340
462
462
1732
1732
4068
4068
2698
2698
1602
1602
314
314
2554
2554
3586
3586
427
427
3312
3312
1001
1001
3862
3862
1608
1608
574
574
980
980
137
137
527
527
3853
3853
3480
3480
1119
1119
2384
2384
1561
1561
2781
2781
2602
2602
1192
1192
3625
3625
621
621
3227
996
2873
3837
1969
3796
1910
3549
2678
3795
3572
322
2130
1036
3745
2984
1481
2318
2499
1644
3487
731
1173
2341
1993
2462
1127
1806
2510
2047
1471
2415
4095
3999
3559
1354
2390
733
2455
1637
676
1269
1085
774
2242
728
2709
677
1033
288
712
677
3247
2487
3535
3955
1709
1397
3869
967
244
4081
2301
2623
2194
676
233
1032
260
3945
4091
4094
576
2098
2316
2128
2582
1469
44
3083
420
1069
587
3225
800
3656
1265
1340
2678
3699
1052
290
3147
582
3987
4068
2130
2722
680
161
1065
3366
1257
314
3026
2686
671
129
40
1470
1709
427
896
60
2511
2676
3743
2915
3160
3862
576
2194
1636
3999
1000
2626
3922
980
1097
2338
3848
967
248
1746
3124
3853
192
2150
4057
2031
1521
2052
1346
2384
1225
2438
3425
1902
3547
1322
2217
2602
320
2090
2378
2644
664
1758
2487
621
0
